[gd_scene load_steps=17 format=3 uid="uid://mwujfi7brask"]

[ext_resource type="Script" path="res://PlayerController.cs" id="2_m5ruq"]
[ext_resource type="PackedScene" uid="uid://dsti3hhbgvsp8" path="res://Assets/Quaternius/Medieval Village MegaKit[Standard]/glTF/Prop_Vine1.gltf" id="2_qoadf"]
[ext_resource type="Script" path="res://TerrainGenerator.cs" id="3_wcmku"]
[ext_resource type="Texture2D" uid="uid://bm7cuj8d1s41c" path="res://Assets/Quaternius/Medieval Village MegaKit[Standard]/Textures/T_Brick_BaseColor.png" id="5_lv4yp"]
[ext_resource type="Texture2D" uid="uid://q5qxmfemq3ii" path="res://Assets/Quaternius/Medieval Village MegaKit[Standard]/Textures/T_Plaster_ORM.png" id="5_ly5bc"]

[sub_resource type="CapsuleShape3D" id="CapsuleShape3D_fq6ae"]

[sub_resource type="BoxShape3D" id="BoxShape3D_v3q5b"]
size = Vector3(100, 1, 100)

[sub_resource type="NoiseTexture2D" id="NoiseTexture2D_actfc"]

[sub_resource type="PanoramaSkyMaterial" id="PanoramaSkyMaterial_e0j5h"]
panorama = SubResource("NoiseTexture2D_actfc")

[sub_resource type="Sky" id="Sky_bx0ng"]
sky_material = SubResource("PanoramaSkyMaterial_e0j5h")

[sub_resource type="Environment" id="Environment_6m1a7"]
background_mode = 1
background_color = Color(0.415094, 0.622042, 1, 1)
sky = SubResource("Sky_bx0ng")
ambient_light_source = 3
ambient_light_color = Color(1, 1, 1, 1)
ambient_light_sky_contribution = 0.0

[sub_resource type="StandardMaterial3D" id="StandardMaterial3D_clnj1"]
albedo_texture = ExtResource("5_ly5bc")

[sub_resource type="BoxMesh" id="BoxMesh_lmc21"]

[sub_resource type="StandardMaterial3D" id="StandardMaterial3D_8ac4f"]
albedo_texture = ExtResource("5_lv4yp")

[sub_resource type="PlaneMesh" id="PlaneMesh_07y88"]

[sub_resource type="StandardMaterial3D" id="StandardMaterial3D_bu80i"]
albedo_color = Color(0.310385, 0.508863, 9.62615e-08, 1)

[node name="Main world" type="Node3D"]

[node name="CharacterBody3D" type="CharacterBody3D" parent="."]
transform = Transform3D(1, 0, 0, 0, 1, 0, 0, 0, 1, 0, 1.04997, 0)
script = ExtResource("2_m5ruq")
gravity = 8.0
Reach = 100.0

[node name="cameraPivot" type="Node3D" parent="CharacterBody3D"]

[node name="cameraArm" type="SpringArm3D" parent="CharacterBody3D/cameraPivot"]
transform = Transform3D(1, 0, 0, 0, 1, 0, 0, 0, 1, 0, 2, 0)
spring_length = 4.0

[node name="playerCamera" type="Camera3D" parent="CharacterBody3D/cameraPivot/cameraArm"]

[node name="meshPivot" type="Node3D" parent="CharacterBody3D"]

[node name="Prop_Vine12" parent="CharacterBody3D/meshPivot" instance=ExtResource("2_qoadf")]
transform = Transform3D(1, 0, 0, 0, 1, 0, 0, 0, 1, 0, 1.20619, 0)

[node name="Prop_Vine13" parent="CharacterBody3D/meshPivot" instance=ExtResource("2_qoadf")]
transform = Transform3D(0.87165, 0, 0.490128, 0, 1, 0, -0.490128, 0, 0.87165, 0, 1.20619, 0)

[node name="Prop_Vine14" parent="CharacterBody3D/meshPivot" instance=ExtResource("2_qoadf")]
transform = Transform3D(0.470781, 0, 0.88225, 0, 1, 0, -0.88225, 0, 0.470781, 0, 1.20619, 0)

[node name="Prop_Vine15" parent="CharacterBody3D/meshPivot" instance=ExtResource("2_qoadf")]
transform = Transform3D(-0.188633, 0, 0.982048, 0, 1, 0, -0.982048, 0, -0.188633, 0, 1.20619, 0)

[node name="Prop_Vine16" parent="CharacterBody3D/meshPivot" instance=ExtResource("2_qoadf")]
transform = Transform3D(-0.787505, 0, 0.616308, 0, 1, 0, -0.616308, 0, -0.787505, 0, 1.20619, 0)

[node name="Prop_Vine17" parent="CharacterBody3D/meshPivot" instance=ExtResource("2_qoadf")]
transform = Transform3D(-0.972828, 0, 0.231527, 0, 1, 0, -0.231527, 0, -0.972828, 0, 1.20619, 0)

[node name="Prop_Vine18" parent="CharacterBody3D/meshPivot" instance=ExtResource("2_qoadf")]
transform = Transform3D(-0.726203, 0, -0.68748, 0, 1, 0, 0.68748, 0, -0.726203, 0, 1.20619, 0)

[node name="Prop_Vine19" parent="CharacterBody3D/meshPivot" instance=ExtResource("2_qoadf")]
transform = Transform3D(-0.726203, 0, -0.68748, 0, 1, 0, 0.68748, 0, -0.726203, 0, 1.20619, 0)

[node name="CollisionShape3D" type="CollisionShape3D" parent="CharacterBody3D"]
shape = SubResource("CapsuleShape3D_fq6ae")

[node name="CharacterBody3D_Pivot#MainCamera" type="Camera3D" parent="."]
transform = Transform3D(1, 0, 0, 0, 0.915051, 0.403338, 0, -0.403338, 0.915051, 0, 2.36464, 4.78508)

[node name="Terrain" type="StaticBody3D" parent="."]
transform = Transform3D(1, 0, 0, 0, 1, 0, 0, 0, 1, 0, -2.22908, 0)
script = ExtResource("3_wcmku")
ChunkSize = 5.0

[node name="CollisionShape3D" type="CollisionShape3D" parent="Terrain"]
transform = Transform3D(1, 0, 0, 0, 1, 0, 0, 0, 1, 0, -0.684946, 0)
shape = SubResource("BoxShape3D_v3q5b")

[node name="WorldEnvironment" type="WorldEnvironment" parent="."]
environment = SubResource("Environment_6m1a7")

[node name="center" type="MeshInstance3D" parent="WorldEnvironment"]
transform = Transform3D(0.1, 0, 0, 0, 1, 0, 0, 0, 0.1, 0, 0.5, 0)
material_override = SubResource("StandardMaterial3D_clnj1")
mesh = SubResource("BoxMesh_lmc21")
skeleton = NodePath("../floor")

[node name="floor" type="MeshInstance3D" parent="WorldEnvironment"]
transform = Transform3D(100, 0, 0, 0, 100, 0, 0, 0, 100, 0, 0, 0)
material_override = SubResource("StandardMaterial3D_8ac4f")
mesh = SubResource("PlaneMesh_07y88")
surface_material_override/0 = SubResource("StandardMaterial3D_bu80i")
